-0.373708701432567
1.66659255851245
0.860139362586509
0.74884778603152
-0.643942415368483
0.895828577550736
1.66419421827269
-1.74534024346327
2.36942748353729
1.23328255510857
-7.33579193297406
-3.97665292768602
-6.21368005528807
-0.935458015447608
0.498359654053636
0.693089679136255
-1.29433025409855
-0.471662453310371
-1.06793976992377
0.356899507724933
-0.516753159592856
-1.92680998971415
-4.09482439440097
-2.18697304489412
-2.00985389565729
-1.76208358844901
1.60044531470162
0.451635353959227
-1.58413088542791
3.78609613618355
-3.93226115681192
-3.06812238172547
-6.00091960274381
0.430626676969081
-1.87231206607108
5.09162953448665
-4.79914032400378
4.26466500144246
0.256781062183856
0.869137990666656
2.27460406950774
-1.52967533344672
0.52293198926072
-1.76360808421263
2.2421908383136
-0.360586714945913
0.33142713758358
5.5233706639609
0.409357169679321
-1.16076730434741
2.31265441811249
-2.92858722278902
3.23333203132234
-1.13940275960139
0.77262922333563
-1.76562288092192
-0.921115564865298
-4.54901837588345
-3.12702097322556
-1.58001205952332
-2.60883476765128
-2.99741387489909
1.87373121763055
0.475071733473757
5.32859034966431
-0.166349183334646
4.14920956415722
-2.70257497535992
7.81685438176767
0.580780023116603
0.665850273436706
-4.64242841203815
-2.2827434022778
-3.99954882051615
8.490332667338
-4.14134091284973
2.16144229218204
-0.240345905829562
-4.50084760421865
-1.76565012628358
-0.983549846384413
1.0294255082933
-1.545201331216
2.63447758976996
-3.93822223202417
-1.66722555960858
-0.545888750244766
0.988691277405024
3.8644690666689
-0.586173729627209
2.43920015937412
-0.867189093515794
-1.21181994176816
1.38086775480378
-0.969129480428064
0.566564745580816
-1.03001277918773
1.63424880220307
1.82549919335782
0.738307070500724
-5.21780064163811
5.1273028499134
-1.01524930253166
4.68517392164928
-4.52759696193282
1.45543764803049
-5.95261904918114
-3.01033796196418
0.097976393962743
2.11261678575764
-2.45617530825061
0.867355280663506
0.343425796520876
-0.577053806601252
3.96688411949612
0.269970154750004
-2.23190233287038
1.86669781296088
-5.01822476350732
2.73558234314156
0.174923778049959
1.03148415679576
-2.75215678452617
4.28225025202751
3.06743719798549
0.939792383511658
6.74810554793589
-1.58073407377413
0.885702161704972
-2.37877824223982
-1.67176700061219
-7.86066881719269
-2.38341489969619
-3.14601652297711
-3.22195573151037
-0.23136310062073
-1.54838241553772
-0.437245868679664
-6.01425054298199
-2.86013653440553
-2.02616798160578
4.28711104389855
-0.786625701671787
1.90299254539336
-0.556689200252825
1.09833024572437
-5.46411063444849
0.96737081928734
-1.51684443732936
2.90013449395613
4.49499253970008
-3.54657874969559
-2.82848092176524
4.74986501051781
2.89615203282564
1.86614916464974
-0.216787206639599
1.6076957120145
2.73727838323851
-4.78691440787832
0.211737799813895
-1.54664768298539
1.7463905190334
4.65140643918941
-8.45660792916969
-3.91485541113906
0.466888390170954
-1.40526149938742
-2.08843096502778
-3.79197649834198
-0.921904704077114
-4.36836666648215
-5.73778276956588
-2.44796909745214
2.76203181449664
2.16017336008663
-0.509143191089702
-2.86518910286702
0.141731386521968
0.306287140183988
-0.0552100859537441
3.28547438663793
0.640935715054311
-2.9581499773539
0.378973896451769
-0.0530074411473686
3.04208971662282
-0.256801293907314
6.61872376226767
-0.60068346085769
1.54455574445745
-1.01823864046333
-2.75463021400484
6.14105339314932
2.02634384965079
-2.5122646126311
3.09752665376767
-0.504711490978002
1.49666409487299
-0.599874955263246
-3.22266737665743
0.64023054204004
4.31460296952705
-1.19922912602348
-2.3766787257287
1.39564113860537
1.56108488816086
3.10949724249111
-4.25820305359984
-4.58642372400206
2.40048208030333
3.99095786019364
-2.26218355050636
-0.67048507855176
1.24652601926827
4.04211665025226
3.09701423884694
0.153779462832891
0.0889876002864179
-3.20423230848175
-2.57268138321083
2.21310820735663
0.664681754526233
-0.274271584251631
7.38349369237971
-3.14070891213635
3.92449499098096
1.42171344362513
-0.0729259849824563
-1.03050415465722
1.00831919533199
-3.33060971747461
-2.07062149162979
-1.82230000093933
-2.85499239827539
-0.00439499463654056
1.42326790452638
1.90060819842984
0.846563721255891
-0.470544689386132
1.01555832405709
1.92385053488606
-2.48248783700903
-1.47278905747946
-0.650835260304678
0.909323061082434
-3.38614878174514
-1.78062626338281
-1.2683017149962
-3.56254026734539
-5.9997465121104
-3.6367350512323
-1.23512532170342
3.5559388287954
0.922524436663606
-3.78109047481062
1.05699498499004
1.38890116866267
6.48260338279188
-2.0635914095148
-0.43000539594697
3.46928695347008
-0.977975206261407
0.361330974573471
0.819471851704553
0.702550978298457
-3.4484817829614
2.94068987641677
4.44312028068056
-2.11638371777482
-2.09188034293616
5.00268003845301
2.60430802674003
-2.57219037433755
2.76724350369914
-3.52665091728138
-0.420410047636456
0.0230007857388862
-1.44808980752336
-2.74731916248104
-4.400081125684
-3.20455112525499
0.539229405044476
-5.05574141665247
-0.895411180128783
-5.39297067845623
-0.255940372536961
-3.1445769233307
1.64976329851262
1.04146462437758
-3.90615007063529
-1.79799734905321
3.59314870609479
-3.62382609100136
-2.78599116576129
2.68731263433937
2.86719399772508
0.868527270631032
0.51310088926438
-1.08637059241893
-3.12942507780487
3.43412795907094
-6.46374043291179
2.5625275980917
0.949010109064194
4.1433204074735
-3.13113020427104
2.30761944592662
3.15663894251625
0.78951791297069
-1.85144155194857
4.61779151520927
2.86361549379665
-2.43939620758874
6.05656544360415
-5.92879755227628
0.584527348151262
0.106425251032756
-4.19767399850546
-1.34517407417941
1.31974926937791
-3.58614874716842
-1.46839626960849
-0.111914753147802
-4.48728039305716
0.43143647726482
6.73156757881057
0.722522972822045
-1.56113736724595
-1.11727076609733
-4.58188637858527
0.623789705081913
-2.07195104990329
2.10946725392165
-2.85158567897725
-4.4219527561138
-0.970049713871123
0.871539581740317
3.34784382707725
4.26078937030293
-0.995860665501818
-1.0652989231382
3.25747024525141
-9.88468352248254
5.85672816733066
-0.869818473293073
1.64471629809924
-0.203794484295666
-2.60751446204985
0.974364325640538
0.773457752014548
2.22215500644361
-0.255176179769041
4.3572516779249
1.90131432531965
2.63441485095467
6.84499367364872
-5.97637934222143
-1.62155324822905
1.11592786561461
4.77954125338994
0.603559658207116
-0.498163899454506
-1.63990350984671
-1.3813782740536
0.900665902808832
-1.96314591035099
1.6342045924117
-0.263100871568505
3.54962142857705
4.46759171547991
1.86479706974973
-0.252802350655682
-6.1719768198829
-7.54879970421471
-1.01029561732046
1.25626062816837
4.26373855044552
-1.61663743568418
-4.32498883489246
-1.95748471203097
-1.5853960795067
5.36365635151884
-3.61743198166213
2.22881524073853
-5.73209074474654
-1.07471921482931
-1.47312139878274
5.47106264806393
-2.17032052935092
0.458668277173074
-2.7548192338736
1.83971938810507
2.01029680781625
-4.64295740342273
6.20352024245187
2.36794734540502
2.81988072443347
-2.05973319902645
0.311436921334929
2.47487869646379
-1.73082394143496
-1.29250310884263
0.68912812882465
-0.896006858053225
-4.79652283420846
-2.61764418379306
-3.14804720658361
-1.69205367118291
4.8074731524387
0.51906742227438
-4.74851076339185
-2.0714795621343
0.559885718799415
-2.36289565537838
2.14891479878959
-0.0921376713928081
0.0350352579210316
-2.62063870340539
-3.541403342027
1.75924785284173
4.05328544469292
3.31022468318163
-3.07016440669818
2.29347396547235
-4.67262213792834
0.267443172178492
-2.41755646675832
-0.556615645287227
-0.856673632119162
3.11159584892694
-4.54043117351997
-7.63375707516952
6.04624193722832
0.163144571327241
2.03827090600931
5.57074763525151
-0.594388208131615
-4.08322336189818
-0.491166557152619
-4.86820416645736
0.121287391425286
-0.784979759885007
1.49537942885103
0.539629019962706
-1.99096883562507
1.5679371407553
2.0058400096773
-1.12606751387875
-2.81524753461661
-1.49629326210538
0.431890082545548
-1.45726603523324
-2.9394597740613
-4.17535700782987
3.16561616383165
1.08162374123558
-0.74658172252217
-1.04386806648279
-2.06119342801223
5.11018618951539
1.94962004341304
-0.347850185863605
-0.155087527544817
2.23919813603634
-2.19878442862479
0.381052490926862
3.71879001633663
-0.451855922123082
1.88367406928869
-0.968400925684356
1.57326461096423
4.77612921829714
2.43165497896096
-0.750489532673266
-2.59069614441225
-2.23968357067982
0.70363695455243
3.71870280796098
0.0997595479200007
0.271439036179199
4.27430081405246
1.66304512869857
0.0489275653943064
4.10176165453214
-1.43883249491157
-6.79374525880823
0.315711644644136
-0.825781072488719
-2.24858579521521
-2.34950543333889
2.96322484689036
4.07198518308042
-4.42022172524557
2.83004318811477
-1.56943650053601
0.969104495732856
-3.66737893331729
-0.684619276336917
4.09679216735902
-1.76044911371174
-0.0386012323212118
0.789276167549328
1.3268042690268
-1.30977820301981
-0.721308275015673
-1.00723880215299
-1.77308071470194
4.90804739552702
0.00948059328132628
5.94031247025138
-2.68841446191079
1.45433758186931
-0.273560196635054
-2.07409314241733
0.192168091734767
2.51854240722472
3.04353231484305
-2.20122691668457
3.09594465605814
-1.81500640605354
4.41227550522184
5.31084184294617
-1.42662069014255
0.522520283163229
-3.22954192746709
2.48750565548309
-0.0493286232252743
0.518799007864141
-1.89824427590184
-6.27287549989395
-5.85514816284439
-2.43792297919235
1.47443173476034
-4.33877030779469
1.55447960487752
-2.42530011743586
-1.38582347113227
0.271608016816956
-5.91320014744754
-2.74302118581931
1.85710596145649
-1.71062513327673
-1.61019889691785
-0.874313407777614
-0.112966048830548
-5.13927184528198
-1.69127966273884
1.14020211873736
0.799520196111994
-4.59065546105338
2.35981847395678
-3.53637765908336
-2.67506233266985
0.100625806398266
1.19175624256164
0.156081631656514
-3.44766533195446
2.4687692150924
1.97152120041415
-2.03380805212648
3.62877657344842
2.01004494479424
-0.631126893331705
4.20717290714453
2.00792604098322
2.9952727316802
-1.73515270008422
3.66170003729596
-3.23200082282303
-2.93328419094296
-2.78862596052743
-0.372598463946151
0.155417808078436
-4.90489020679783
0.986667387207481
-3.48245975620451
-2.50675579414308
-1.80371831738304
-1.38895366034567
0.84379256646272
-2.17661190543442
-3.61073150893183
1.20903688297484
2.2518653474323
3.86486622408514
-1.27252409942975
-2.53887089552379
-0.987646037434461
-2.16938705404059
-1.34437205386986
4.84726289244658
1.7991525626983
-0.778986454629256
-1.21443305818357
2.16263707382597
-0.559459752168322
0.0124428663353174
-1.47311031433147
1.87036356355877
-0.367658124745456
-5.43375121341419
0.977560481224717
-0.754743710581444
1.34425024778118
-7.69799061881424
-0.00221483376571677
-0.208084267878266
-1.75841136226569
0.698304478854487
-7.3226475935711
-1.41700902087871
-1.54729495752745
-2.14925092790517
-0.918517703415413
3.28413103386119
-1.12015104804182
-3.19129484042581
0.241149430065202
1.44586872368816
3.50348386677278
-1.25642145044347
-0.548194004532025
-2.29534676658783
1.82954050145732
0.946998544654353
-2.39799350336473
-2.6788724720213
3.07625457668418
9.25293971438745
-2.37776849919104
4.82891794530845
-2.54275493523249
4.64949368671069
1.60609815604606
-3.61029802737308
-2.26935693123327
1.38268972317436
-0.282195340390456
2.35002487581357
-0.713530979548169
-2.0363086235445
-1.12102342606651
-0.931533683106648
-3.19075855558482
0.378531149630193
-2.74729994651473
-3.91528553957415
-5.47522789364581
-2.32074262670349
-0.496289473853709
-3.35498523137088
-4.05025684696711
-3.62077696479706
-3.09397632651608
-1.28955544042735
-2.41587430857011
-2.29643990203973
-1.02866120930128
0.594810840321279
-0.602912502107674
-0.844333296343475
-2.33513680123031
-0.470196691688121
2.81532059363327
0.417665950535135
-0.120534718264169
-2.59482460498532
-3.95098801937052
-1.47192330976035
0.764045381483459
-3.32046305751946
0.109894983007596
0.746762635345505
3.13992877333639
-2.52320386698803
2.63694059223278
-4.23463427110227
2.16049183231124
2.34994824775019
-1.96675575242739
-3.38933171084502
-5.7873550555106
-0.631018828564156
-2.89188833900631
2.88840551826248
3.62967755164334
8.88117598896324
-0.759025783008168
-0.838256069508133
1.04233812967526
0.784965834668885
-0.0633852145479492
-0.62657463554787
-1.87944839060393
-3.37168704242573
-5.35450660090429
1.33011410957246
4.7918927354424
-0.27461880526799
3.45104366381975
-0.587316910780273
-1.44681551614821
-0.56460012950265
-0.676847865373303
-3.71627242837676
2.6974229271468
-1.62973108488384
-0.250851890374866
-3.8177011977011
1.99684059554105
-2.1487534131854
-3.62966736364537
-6.18905653043546
-1.93359972543068
0.0185562812489738
-1.60725554258415
-1.01597671242461
2.04301533832017
2.2028967123463
-5.50991437639798
3.41238998400363
5.61739490480758
0.0564244705505068
0.795892959043297
-2.22681988965171
0.708865739856663
2.52136612611715
-2.79980736302307
3.92520912197649
0.435803939163562
3.14766498841542
-5.73962047090374
-0.161292887363769
0.194280418569331
1.48501278280372
-2.27408549981506
0.431046731310581
1.53928584999766
-2.91504762451911
2.12102662978156
-2.08942598776004
-2.51926597243409
1.04092637758033
-2.05829350078707
1.72423508553024
0.0240311979221082
2.49225325411283
0.705019368664367
-2.6670897272899
-1.51217533828036
-9.11408328274999
1.03377391780322
-5.26854565343306
0.674750883190143
-7.80100247327401
-2.53991589211163
-3.78190913838593
2.67902907058415
-2.34468382417906
-1.82477473316108
2.80294163319896
2.00194391590559
-5.88412012470653
0.911251702683174
-4.28028929749735
-4.07246977180764
7.96481505997106
-4.17439193337154
2.77116523564512
0.704492120034703
-2.72997253754272
0.768127187859058
1.15436335111704
-2.16747975657475
-0.797201992488723
-0.162381541120398
-0.431470471649288
4.48132335730981
3.21261015648263
-0.840244273455179
6.47928349551382
-0.287677886203231
-5.72171535964907
-1.53745388232372
-5.6386725777749
2.4221875533165
1.78506246878012
-2.41661794293993
2.48690511582534
-0.163918690303804
-1.71057311508323
1.45504376467509
0.551318707527078
-3.25651387057766
-0.20736805274671
0.794039442895539
-1.19072251210133
-1.44580969679512
-3.40142831049004
6.51251162107704
-1.39288637225617
-3.81876759222547
0.781751230729612
1.56076626799508
-0.484933415323459
-1.18264058921347
0.353559608488788
-0.0847042011534679
-1.90922153365876
-2.06855505856669
-0.27740541263719
-3.60927934839562
-0.0241243759788495
-0.507393974121026
-4.75298084224645
1.01064095090014
-0.229837845645157
-1.67656979503653
0.263912097122168
-1.03775651572799
3.07269749810716
0.225906100441216
-2.39014315954828
-2.18617104777048
4.48312932976919
-1.790034913169
1.29563524202834
1.75360227753134
1.45021136105794
1.2544908511089
3.77117302831564
-1.22739090389891
-2.06189501105599
1.88649503330398
0.869859931939773
-1.71237369301565
-3.22325250460137
0.560166141888454
0.994326243525787
-1.00545281423519
-1.93077839243566
-3.36372030817255
-0.804497187020063
-3.61832277493328
7.15030073663841
-2.73136241785354
-0.283460459894539
-2.01793873192271
3.09542883843437
-2.05463545247954
-3.37847395078091
0.320682898544418
2.41884642975691
-1.23055142904175
-1.07937509489319
2.2395297214393
-6.16884709512255
0.195625304625381
-3.76237631103516
2.45363429161807
2.19564563176372
4.62642755511897
-1.44190747001174
-1.48883772853092
-2.28744673804582
4.25447660946466
-0.467835342409492
2.41415853932778
-3.18277416753076
-6.116500075972
0.218169594719177
1.46643106020678
0.0784649428478915
1.63404609466903
-1.06898066954128
2.00137381530525
1.4305831488098
-3.59366531260527
1.25004329379279
5.5001328540634
3.29980963620488
-2.64833138791252
-2.44538118927393
1.77404749677879
1.53134870192739
-2.60632974323404
-1.64134672971373
0.49062758056406
0.937962375435075
-2.28168030562161
-1.68539444897696
2.3329935251028
-0.373227218406405
2.97270911350245
-1.9281540010507
0.0524829849840451
2.72472580905279
-1.67469543090603
0.60958262239457
2.16925379662157
-5.24388545203147
-1.99475226996249
-2.95839652280828
1.76421029914078
-2.77439425814824
2.24863492130048
-4.45274868522482
1.39378879805602
-3.30665785199474
-6.0363369516773
-4.50644088610816
2.54473634494361
-2.05725761920696
-0.0504413559160679
4.05229677027031
-5.06116170109978
2.9516922654233
-2.4828581251854
-5.39048860853375
-4.86690359713409
0.107407503047981
0.336457419037212
-2.90223728931329
-1.97338757960638
2.93165859047537
-4.76031805289116
-3.28672698364389
0.386603838105716
-3.02752871170836
3.63934448414998
-0.338065237013281
-1.29857142252482
2.05472705271319
-1.53840696088792
1.36475521008485
-1.29551159477764
-1.75142800646817
-2.10370797122772
2.05155728099121
4.13618272625416
-2.25694182454322
4.24518901811206
-2.95939657990982
-1.54320760540304
1.91976821811676
0.734043164643606
2.38937686851191
1.07350401691079
3.17187538814216
-3.58856700057591
2.74283298056315
1.03772995746289
1.96865059840393
1.18872492445597
-2.89042268233607
2.44634407027561
1.64064473777298
-3.58781306715757
-3.52468151034843
-0.946610019831911
-1.35315641808486
0.980818508850756
3.33709271594555
-11.4736789126421
-3.47682442354832
-1.88653641211643
-1.25743335001916
-3.58972691869937
-0.94543341267604
-0.67167644931775
-3.13423568515128
1.68040403052312
1.05605157511979
-0.230824961267488
-2.12950528933827
-1.29443147587399
-0.557111272578276
-0.794839763951411
-0.117390419083469
-2.31440342905017
1.82081268669469
-2.23765503503298
-0.910624543067734
-0.613940995691981
4.34359387091812
3.12052130187095
-1.85967936469221
2.93729633290177
-4.10306265902767
2.73530534544015
1.93901316856381
-4.70094420392959
-1.52811725688499
-2.48412045781036
1.75901149103147
-1.46619297861464
0.390801163623233
-0.770182543710071
0.109083657061052
